	A	C	G	T
1	0.8736730360934183	0.006369426751592357	0.018046709129511677	0.10191082802547771
2	0.007238883143743537	0.09307135470527404	0.8841778697001034	0.015511892450879007
3	0.848297213622291	0.0825593395252838	0.04231166150670795	0.026831785345717233
4	0.026232948583420776	0.00944386149003148	0.9611752360965372	0.0031479538300104933
5	0.0040858018386108275	0.010214504596527068	0.09805924412665985	0.8876404494382022
6	0.007142857142857143	0.003061224489795918	0.006122448979591836	0.9836734693877551
7	0.007150153217568948	0.012257405515832482	0.0040858018386108275	0.9765066394279878
8	0.007121057985757884	0.007121057985757884	0.9837232960325534	0.002034587995930824
9	0.983756345177665	0.0040609137055837565	0.005076142131979695	0.007106598984771574
10	0.004048582995951417	0.011133603238866396	0.006072874493927126	0.978744939271255
11	0.00796812749003984	0.9462151394422311	0.0049800796812749	0.04083665338645418
12	0.09227614490772386	0.8831168831168831	0.007518796992481203	0.017088174982911826
13	0.004626569729015202	0.009253139458030404	0.0006609385327164573	0.985459352280238
14	0.03238598810310641	0.003304692663582287	0.9610046265697291	0.003304692663582287
15	0.005287508261731659	0.06411103767349637	0.9279576999339062	0.0026437541308658294
16	0.005924950625411455	0.9598420013166556	0.007899934167215274	0.026333113890717578
17	0.018408941485864562	0.01643655489809336	0.05719921104536489	0.9079552925706772
18	0.007227332457293035	0.9165571616294349	0.0735873850197109	0.002628120893561104
19	0.9886148007590133	0.007590132827324478	0.001265022137887413	0.002530044275774826
20	0.005034612964128383	0.04153555695405916	0.9477658904971681	0.005663939584644431
21	0.40037712130735387	0.04022627278441232	0.552482715273413	0.0069138906348208675
22	0.6209930861093652	0.06536769327467001	0.08925204274041483	0.22438717787554996
23	0.00878293601003764	0.3996235884567127	0.03638644918444166	0.555207026348808
24	0.02661064425770308	0.009103641456582634	0.9362745098039216	0.028011204481792718
25	0.9824890556597874	0.00375234521575985	0.008755472170106316	0.0050031269543464665
26	0.8858390517779164	0.08671241422333126	0.0031191515907673115	0.024329382407985028
27	0.004366812227074236	0.8870867124142233	0.0037429819089207735	0.10480349344978165
28	0.004345127250155183	0.004345127250155183	0.9863438857852266	0.004965859714463066
29	0.005579665220086794	0.9665220086794792	0.0012399256044637321	0.026658400495970243
30	0.0024798512089274642	0.0024798512089274642	0.0037197768133911966	0.9913205207687539
31	0.20755885997521686	0.0055762081784386614	0.7781908302354399	0.008674101610904586
32	0.017369727047146403	0.0018610421836228288	0.8709677419354839	0.1098014888337469
33	0.006188118811881188	0.9467821782178217	0.006188118811881188	0.04084158415841584
34	0.02844774273345702	0.004329004329004329	0.9536178107606679	0.013605442176870748
35	0.027829313543599257	0.0030921459492888066	0.9628942486085343	0.006184291898577613
36	0.05624227441285538	0.7707045735475896	0.08096415327564895	0.09208899876390605
37	0.41815935762816553	0.011117974058060531	0.5503397158739963	0.02038295243977764
38	0.011111111111111112	0.005555555555555556	0.011111111111111112	0.9722222222222222
39	0.022839506172839506	0.07098765432098765	0.26481481481481484	0.641358024691358
40	0.027760641579272053	0.06662553979025293	0.9012954966070327	0.00431832202344232
41	0.004932182490752158	0.781750924784217	0.17139334155363747	0.04192355117139334
42	0.7485380116959064	0.005847953216374269	0.23391812865497075	0.011695906432748537
43	0.07915893630179345	0.5367965367965368	0.004329004329004329	0.37971552257266544
44	0.0018472906403940886	0.0018472906403940886	0.0049261083743842365	0.9913793103448276
45	0.8088506453595574	0.014751075599262446	0.014136447449293177	0.1622618315918869
46	0.9919950738916257	0.0024630541871921183	0.0012315270935960591	0.004310344827586207
47	0.023970497848801474	0.6084818684695759	0.23417332513829134	0.1333743085433313
48	0.7481572481572482	0.1074938574938575	0.1375921375921376	0.006756756756756757
49	0.0055248618784530384	0.9736034376918354	0.004297114794352364	0.016574585635359115
50	0.9914110429447853	0.00245398773006135	0.001226993865030675	0.0049079754601227
51	0.004910988336402701	0.003069367710251688	0.0024554941682013503	0.9895641497851443
52	0.0036809815950920245	0.0018404907975460123	0.9877300613496932	0.006748466257668712
53	0.003069367710251688	0.9736034376918354	0.017188459177409455	0.006138735420503376
54	0.911710606989577	0.002452483139178418	0.060085836909871244	0.02575107296137339
55	0.9883435582822085	0.0049079754601227	0.0036809815950920245	0.003067484662576687
56	0.00428921568627451	0.00428921568627451	0.9859068627450981	0.0055147058823529415
57	0.004294478527607362	0.012269938650306749	0.006134969325153374	0.9773006134969325
58	0.009809932556713672	0.9405272838749233	0.011649294911097487	0.03801348865726548
59	0.049129353233830844	0.004975124378109453	0.9253731343283582	0.020522388059701493
60	0.852037617554859	0.03949843260188088	0.03197492163009404	0.07648902821316614
61	0.6176470588235294	0.0055147058823529415	0.3596813725490196	0.01715686274509804
62	0.017167381974248927	0.8313917841814837	0.10177805027590435	0.04966278356836297
63	0.0049079754601227	0.005521472392638037	0.9785276073619632	0.011042944785276074
64	0.36654478976234006	0.21572212065813529	0.36654478976234006	0.051188299817184646
65	0.1980074719800747	0.08530510585305105	0.5765877957658779	0.14009962640099627
66	0.25222363405336723	0.3144853875476493	0.17344345616264295	0.25984752223634056
67	0.8426073131955485	0.033386327503974564	0.07790143084260731	0.046104928457869634
68	0.421875	0.033854166666666664	0.515625	0.028645833333333332
69	0.32233307751343054	0.4167306216423638	0.10821181887950883	0.15272448196469685
70	0.4009584664536741	0.10463258785942492	0.3170926517571885	0.17731629392971246
71	0.16752577319587628	0.24656357388316152	0.38402061855670105	0.20189003436426117
72	0.24390243902439024	0.3333333333333333	0.0975609756097561	0.3252032520325203
73	0.3178294573643411	0.14728682170542637	0.17054263565891473	0.3643410852713178
74	0.2440944881889764	0.16535433070866143	0.23622047244094488	0.3543307086614173
75	0.2971014492753623	0.14492753623188406	0.2536231884057971	0.30434782608695654
76	0.31176470588235294	0.19411764705882353	0.22941176470588234	0.2647058823529412
77	0.3088235294117647	0.1801470588235294	0.2977941176470588	0.21323529411764705
78	0.2771618625277162	0.14412416851441243	0.30376940133037694	0.2749445676274945
79	0.25541795665634676	0.20743034055727555	0.3281733746130031	0.2089783281733746
80	0.28869778869778867	0.20024570024570024	0.28624078624078625	0.22481572481572482
81	0.2552083333333333	0.14166666666666666	0.3802083333333333	0.22291666666666668
82	0.16111611161116113	0.1791179117911791	0.41494149414941495	0.2448244824482448
83	0.345698500394633	0.24151539068666142	0.1420678768745067	0.27071823204419887
84	0.1299072091363312	0.4354032833690221	0.36331192005710206	0.07137758743754462
85	0.29411764705882354	0.17647058823529413	0.29411764705882354	0.23529411764705882
86	0.2972972972972973	0.16216216216216217	0.35135135135135137	0.1891891891891892
87	0.03136531365313653	0.2976629766297663	0.22078720787207873	0.45018450184501846
88	0.03251533742331288	0.2	0.025766871165644172	0.741717791411043
89	0.2558569667077682	0.37731196054254007	0.01972872996300863	0.3471023427866831
90	0.24299065420560748	0.03364485981308411	0.6872274143302181	0.03613707165109034
91	0.13432835820895522	0.1791044776119403	0.3880597014925373	0.29850746268656714
92	0.03316510454217736	0.3467916366258111	0.4859408795962509	0.13410237923576063
93	0.2596078431372549	0.11764705882352941	0.2635294117647059	0.3592156862745098
94	0.2146690518783542	0.33810375670840787	0.2039355992844365	0.24329159212880144
95	0.18039624608967675	0.2659019812304484	0.2429614181438999	0.310740354535975
96	0.18788627935723115	0.14709517923362175	0.3226205191594561	0.34239802224969096
97	0.24261275272161742	0.12441679626749612	0.3110419906687403	0.32192846034214617
98	0.24666666666666667	0.10666666666666667	0.2866666666666667	0.36
99	0.13584905660377358	0.18490566037735848	0.3584905660377358	0.32075471698113206
100	0.2469879518072289	0.14457831325301204	0.3253012048192771	0.28313253012048195
101	0.2246376811594203	0.21014492753623187	0.2536231884057971	0.3115942028985507
102	0.3203125	0.1484375	0.234375	0.296875
103	0.3178294573643411	0.09302325581395349	0.2868217054263566	0.3023255813953488
104	0.24369747899159663	0.06722689075630252	0.4369747899159664	0.25210084033613445
105	0.051094890510948905	0.0267639902676399	0.8832116788321168	0.038929440389294405
106	0.18882303132938189	0.2802709568162574	0.327688399661304	0.20321761219305673
107	0.20094936708860758	0.20094936708860758	0.21360759493670886	0.38449367088607594
108	0.16666666666666666	0.08294930875576037	0.631336405529954	0.11904761904761904
109	0.2618896639188332	0.11033608116677235	0.41915028535193405	0.20862396956246038
110	0.24643962848297213	0.373374613003096	0.11021671826625387	0.26996904024767804
111	0.09905956112852665	0.14294670846394986	0.4877742946708464	0.2702194357366771
112	0.8715929739551787	0.11689884918231375	0.007874015748031496	0.0036341611144760752
113	0.04432301153612629	0.0989678202792957	0.8384942319368549	0.018214936247723135
114	0.014510278113663845	0.3603385731559855	0.004232164449818622	0.620918984280532
115	0.02059357964869776	0.009085402786190187	0.9636583888552392	0.006662628709872804
116	0.0018148820326678765	0.003629764065335753	0.9915305505142166	0.0030248033877797943
117	0.0018137847642079807	0.9921402660217654	0.0012091898428053204	0.0048367593712212815
118	0.18016928657799275	0.0018137847642079807	0.8155985489721886	0.0024183796856106408
119	0.3827085852478839	0.15175332527206772	0.4207980652962515	0.044740024183796856
120	0.9945586457073761	0.0024183796856106408	0.0006045949214026602	0.0024183796856106408
121	0.035671100362756954	0.9383313180169287	0.003022974607013301	0.022974607013301087
122	0.028433151845130067	0.0030248033877797943	0.9370840895341803	0.03145795523290986
123	0.0411373260738052	0.0012099213551119178	0.956442831215971	0.0012099213551119178
124	0.00423728813559322	0.14285714285714285	0.8492736077481841	0.0036319612590799033
125	0.012113870381586917	0.01029678982434888	0.02059357964869776	0.9569957601453665
126	0.0018094089264173703	0.08745476477683957	0.856453558504222	0.054282267792521106
127	0.8957203134418324	0.10186859553948162	0.0006027727546714888	0.0018083182640144665
128	0.005431502715751358	0.0012070006035003018	0.9915509957754979	0.0018105009052504525
129	0.0030156815440289505	0.0024125452352231603	0.03618817852834741	0.9583835946924005
130	0.9939722724532851	0.0018083182640144665	0.0030138637733574444	0.0012055455093429777
131	0.9770946353224834	0.006027727546714889	0.0054249547920434	0.011452682338758288
132	0.02591922845087402	0.7643158529234478	0.0108499095840868	0.19891500904159132
133	0.5352622061482821	0.0024110910186859553	0.459915611814346	0.0024110910186859553
134	0.0066344993968636915	0.9041013268998793	0.016887816646562123	0.07237635705669482
135	0.15792646172393007	0.05244122965641953	0.7643158529234478	0.02531645569620253
136	0.0048250904704463205	0.019300361881785282	0.0012062726176115801	0.9746682750301568
137	0.31585292344786015	0.0759493670886076	0.5551537070524413	0.05304400241109102
138	0.19036144578313252	0.01927710843373494	0.7210843373493976	0.06927710843373494
139	0.13493975903614458	0.07951807228915662	0.7566265060240964	0.02891566265060241
140	0.07142857142857142	0.21428571428571427	0.14285714285714285	0.5714285714285714
141	0.34854014598540145	0.21350364963503649	0.06934306569343066	0.3686131386861314
142	0.9288659793814433	0.006185567010309278	0.0443298969072165	0.020618556701030927
143	0.9945750452079566	0.0024110910186859553	0.0012055455093429777	0.0018083182640144665
144	0.03853100541842264	0.5665261890427453	0.010836845273931367	0.3841059602649007
145	0.03853100541842264	0.769416014449127	0.12402167369054787	0.06803130644190247
146	0.00963275135460566	0.007826610475617099	0.001806140878988561	0.9807344972907887
147	0.4292594822396147	0.011438892233594221	0.5400361228175797	0.01926550270921132
148	0.009030704394942806	0.9337748344370861	0.01926550270921132	0.037928958458759786
149	0.0030084235860409147	0.9843561973525873	0.00421179302045728	0.00842358604091456
150	0.00963275135460566	0.5990367248645394	0.027092113184828417	0.36423841059602646
151	0.16014449127031907	0.21312462372065022	0.09632751354605659	0.5304033714629741
152	0.21987951807228914	0.1789156626506024	0.24096385542168675	0.3602409638554217
153	0.31005418422636966	0.13425647200481639	0.20228777844671886	0.3534015653220951
154	0.5655836341756919	0.049338146811071	0.30866425992779783	0.07641395908543923
155	0.04271961492178099	0.21720818291215402	0.7286401925391095	0.011432009626955475
156	0.3523752254960914	0.06734816596512327	0.006013229104028864	0.5742633794347565
157	0.07525586995785671	0.29620710415412405	0.4780252859723058	0.15051173991571343
158	0.09626955475330927	0.1648616125150421	0.5703971119133574	0.1684717208182912
159	0.07563025210084033	0.013205282112845138	0.8865546218487395	0.02460984393757503
160	0.030012004801920768	0.00900360144057623	0.9555822328931572	0.005402160864345739
161	0.21835632873425315	0.047390521895620874	0.7156568686262748	0.01859628074385123
162	0.9909963985594238	0.0024009603841536613	0.003601440576230492	0.003001200480192077
163	0.004801920768307323	0.16326530612244897	0.0012004801920768306	0.8307322929171669
164	0.9933973589435774	0.0012004801920768306	0.001800720288115246	0.003601440576230492
165	0.7384523095380924	0.03479304139172166	0.21775644871025795	0.008998200359928014
166	0.002999400119976005	0.9010197960407919	0.041391721655668866	0.05458908218356329
167	0.15596880623875226	0.486502699460108	0.08638272345530894	0.27114577084583086
168	0.15356928614277143	0.44571085782843434	0.15656868626274745	0.24415116976604678
169	0.15056988602279545	0.39112177564487105	0.21955608878224356	0.23875224955008997
170	0.02519496100779844	0.17096580683863227	0.4967006598680264	0.30713857228554287
171	0.09603841536614646	0.30192076830732295	0.5870348139255702	0.015006002400960384
172	0.001199040767386091	0.0035971223021582736	0.9886091127098321	0.006594724220623501
173	0.9970023980815348	0.0005995203836930455	0.001199040767386091	0.001199040767386091
174	0.9958033573141487	0.001199040767386091	0.0017985611510791368	0.001199040767386091
175	0.9856115107913669	0.008992805755395683	0.002398081534772182	0.002997601918465228
176	0.009009009009009009	0.5861861861861862	0.3075075075075075	0.0972972972972973
177	0.07262905162064826	0.19807923169267708	0.4057623049219688	0.3235294117647059
178	0.1431995206710605	0.170760934691432	0.4895146794487717	0.19652486518873577
179	0.16596764529658478	0.13361294188136608	0.5188735769922109	0.18154583582983821
180	0.18454164170161774	0.0701018573996405	0.5590173756740563	0.18633912522468543
181	0.18154583582983821	0.011384062312762133	0.7531455961653685	0.05392450569203116
182	0.07793764988009592	0.6774580335731415	0.09952038369304557	0.145083932853717
183	0.0005995203836930455	0.015587529976019185	0.0017985611510791368	0.9820143884892086
184	0.9922109047333733	0.0005991611743559018	0.004793289394847214	0.002396644697423607
185	0.9958058717795086	0.002396644697423607	0.0011983223487118035	0.0005991611743559018
186	0.02579484103179364	0.01199760047990402	0.014397120575884824	0.9478104379124175
187	0.829136690647482	0.07434052757793765	0.046163069544364506	0.050359712230215826
188	0.007198560287942412	0.9544091181763648	0.009598080383923215	0.028794241151769647
189	0.016786570743405275	0.8477218225419664	0.019784172661870502	0.1157074340527578
190	0.0329538645895746	0.22648292390653085	0.6776512881965249	0.06291192330736968
191	0.08328340323547034	0.4805272618334332	0.35829838226482924	0.07789095266626722
192	0.9622754491017964	0.0023952095808383233	0.03293413173652695	0.0023952095808383233
193	0.0005991611743559018	0.007789095266626723	0.0035949670461354103	0.988016776512882
194	0.7664670658682635	0.0023952095808383233	0.2281437125748503	0.0029940119760479044
195	0.3474250576479631	0.2797847809377402	0.17294388931591084	0.19984627209838585
196	0.07711651299245599	0.10393964794635373	0.4953897736797988	0.3235540653813915
197	0.2894211576846307	0.20958083832335328	0.3253493013972056	0.17564870259481039
198	0.05752212389380531	0.23893805309734514	0.5398230088495575	0.16371681415929204
199	0.2401614530776993	0.24217961654894046	0.12613521695257315	0.39152371342078707
200	0.14959016393442623	0.41290983606557374	0.17520491803278687	0.26229508196721313
201	0.27522935779816515	0.2945973496432212	0.24770642201834864	0.18246687054026503
202	0.25206611570247933	0.27169421487603307	0.15702479338842976	0.31921487603305787
203	0.2293193717277487	0.19895287958115182	0.2848167539267016	0.2869109947643979
204	0.6666666666666666	0.1111111111111111	0.1111111111111111	0.1111111111111111
205	0.23415682062298604	0.15682062298603652	0.37056928034371645	0.23845327604726102
206	0.23747016706443913	0.20286396181384247	0.31742243436754175	0.24224343675417662
207	0.4444444444444444	0.2222222222222222	0.05555555555555555	0.2777777777777778
208	0.26710684273709484	0.2851140456182473	0.2893157262905162	0.15846338535414164
209	0.15822784810126583	0.13291139240506328	0.2848101265822785	0.4240506329113924
210	0.1201923076923077	0.4260817307692308	0.10396634615384616	0.34975961538461536
211	0.02579484103179364	0.7660467906418716	0.11637672465506899	0.09178164367126575
212	0.02127659574468085	0.005319148936170213	0.005319148936170213	0.9680851063829787
213	0.059988002399520096	0.02459508098380324	0.5572885422915417	0.35812837432513495
214	0.2251655629139073	0.4154124021673691	0.18362432269717038	0.17579771222155327
215	0.6650660264105642	0.22328931572629052	0.05942376950780312	0.05222088835534214
216	0.3100120627261761	0.015078407720144753	0.3281061519903498	0.3468033775633293
217	0.043243243243243246	0.13513513513513514	0.21621621621621623	0.6054054054054054
218	0.03592814371257485	0.11676646706586827	0.8101796407185629	0.037125748502994015
219	0.2894736842105263	0.09210526315789473	0.4868421052631579	0.13157894736842105
220	0.12268102932375823	0.19569120287253142	0.31597845601436264	0.3656493117893477
221	0.16488730723606168	0.21233689205219455	0.2823250296559905	0.3404507710557533
222	0.1673913043478261	0.21195652173913043	0.24782608695652175	0.37282608695652175
223	0.3333333333333333	0.3333333333333333	0.2222222222222222	0.1111111111111111
224	0.16666666666666666	0.16666666666666666	0.3333333333333333	0.3333333333333333
225	0.23044838373305526	0.15849843587069865	0.30031282586027114	0.310740354535975
226	0.24897119341563786	0.07818930041152264	0.33641975308641975	0.33641975308641975
227	0.1529051987767584	0.199796126401631	0.308868501529052	0.3384301732925586
228	0.22492401215805471	0.11550151975683891	0.4447821681864235	0.21479229989868287
229	0.36815415821501013	0.10243407707910751	0.2413793103448276	0.2880324543610548
230	0.0763819095477387	0.16482412060301507	0.3165829145728643	0.44221105527638194
231	0.07194244604316546	0.15467625899280577	0.5353717026378897	0.23800959232613908
232	0.9898749255509232	0.0023823704586063135	0.004764740917212627	0.0029779630732578916
233	0.984514592019059	0.0023823704586063135	0.004764740917212627	0.008338296605122097
234	0.9868969624776652	0.00357355568790947	0.00357355568790947	0.005955926146515783
235	0.09565217391304348	0.08695652173913043	0.6173913043478261	0.2
236	0.03486238532110092	0.03425076452599388	0.8862385321100917	0.044648318042813454
237	0.2928009679370841	0.23472474289171205	0.33756805807622503	0.13490623109497882
238	0.21330902461257975	0.22971741112123975	0.2835004557885141	0.27347310847766637
239	0.062266500622665005	0.12453300124533001	0.7310087173100872	0.0821917808219178
240	0.041666666666666664	0.13411458333333334	0.765625	0.05859375
241	0.09090909090909091	0.6363636363636364	0.18181818181818182	0.09090909090909091
242	0.03731343283582089	0.3686567164179104	0.5119402985074627	0.08208955223880597
243	0.011160714285714286	0.30580357142857145	0.6495535714285714	0.033482142857142856
244	0.9052287581699346	0.05555555555555555	0.0196078431372549	0.0196078431372549
245	0.058931860036832415	0.35359116022099446	0.07550644567219153	0.5119705340699816
246	0.06716417910447761	0.8582089552238806	0.03731343283582089	0.03731343283582089
247	0.046153846153846156	0.575	0.08076923076923077	0.2980769230769231
248	0.14912280701754385	0.20614035087719298	0.47368421052631576	0.17105263157894737
249	0.09183673469387756	0.32653061224489793	0.41836734693877553	0.16326530612244897
250	0.06385542168674699	0.06927710843373494	0.236144578313253	0.630722891566265
251	0.13788968824940048	0.22422062350119903	0.019784172661870502	0.61810551558753
252	0.26353790613718414	0.29001203369434414	0.030685920577617327	0.4157641395908544
253	0.46224556795797767	0.05712409717662508	0.38739330269205513	0.09323703217334209
254	0.13157894736842105	0.5657894736842105	0.11842105263157894	0.18421052631578946
255	0.13043478260869565	0.32608695652173914	0.41304347826086957	0.13043478260869565
256	0.12334801762114538	0.42731277533039647	0.2422907488986784	0.20704845814977973
257	0.2702702702702703	0.05405405405405406	0.6216216216216216	0.05405405405405406
258	0.44814814814814813	0.053703703703703705	0.37962962962962965	0.11851851851851852
259	0.0237741456166419	0.5037147102526003	0.42199108469539376	0.05052005943536404
260	0.03363518758085381	0.7335058214747736	0.14359637774902975	0.08926261319534282
261	0.07518796992481203	0.09523809523809523	0.12030075187969924	0.7092731829573935
262	0.17111315547378106	0.26034958601655933	0.3173873045078197	0.2511499540018399
263	0.08308065494238932	0.23711340206185566	0.2601576713159491	0.41964827167980595
264	0.025137952176578784	0.7553648068669528	0.056407112201103615	0.1630901287553648
265	0.09603469640644362	0.0024783147459727386	0.9002478314745973	0.0012391573729863693
266	0.0142602495543672	0.7177658942364825	0.2192513368983957	0.0487225193107546
267	0.06060606060606061	0.3077837195484254	0.056446821152703504	0.5751633986928104
268	0.3125371360665478	0.14022578728461083	0.20023767082590613	0.34699940582293526
269	0.3210463733650416	0.12306777645659929	0.21938168846611178	0.33650416171224734
270	0.4328180737217598	0.08799048751486326	0.2788347205707491	0.20035671819262782
271	0.3473871733966746	0.0172209026128266	0.6157957244655582	0.019596199524940617
272	0.009501187648456057	0.0005938242280285036	0.9875296912114014	0.0023752969121140144
273	0.9863420427553444	0.0023752969121140144	0.010095011876484561	0.0011876484560570072
274	0.024346793349168647	0.019596199524940617	0.25	0.7060570071258907
275	0.05819477434679335	0.12232779097387174	0.7808788598574822	0.03859857482185273
276	0.37173396674584325	0.008907363420427554	0.578978622327791	0.040380047505938245
277	0.10451306413301663	0.027315914489311165	0.8450118764845606	0.02315914489311164
278	0.027315914489311165	0.7583135391923991	0.08135391923990498	0.1330166270783848
279	0.06654783125371361	0.7040998217468806	0.019013666072489603	0.2103386809269162
280	0.004753416518122401	0.45751633986928103	0.0748663101604278	0.46286393345216875
281	0.24598930481283424	0.0017825311942959	0.744503862150921	0.007724301841948901
282	0.023172905525846704	0.7664884135472371	0.050505050505050504	0.1598336304218657
283	0.07011289364230541	0.008912655971479501	0.9079025549613785	0.013071895424836602
284	0.0184194890077243	0.0481283422459893	0.3523469994058229	0.5811051693404634
285	0.07248960190136661	0.708853238265003	0.0903149138443256	0.12834224598930483
286	0.11170528817587641	0.5276292335115864	0.21984551396316102	0.1408199643493761
287	0.0023752969121140144	0.2179334916864608	0.4649643705463183	0.3147268408551069
288	0.9958432304038005	0.0005938242280285036	0.0023752969121140144	0.0011876484560570072
289	0.0011876484560570072	0.0023752969121140144	0.0011876484560570072	0.995249406175772
290	0.0029691211401425177	0.34085510688836107	0.0011876484560570072	0.6549881235154394
291	0.9970308788598575	0.0011876484560570072	0.0005938242280285036	0.0011876484560570072
292	0.0017835909631391202	0.0005945303210463733	0.9958382877526754	0.0017835909631391202
293	0.0196078431372549	0.7296494355317885	0.1919191919191919	0.058823529411764705
294	0.0029708853238265003	0.017825311942959002	0.0011883541295306002	0.978015448603684
295	0.7189542483660131	0.0053475935828877	0.026737967914438502	0.24896019013666074
296	0.0011883541295306002	0.0017825311942959	0.9964349376114082	0.0005941770647653001
297	0.06175771971496437	0.004156769596199525	0.0005938242280285036	0.9334916864608076
298	0.059417706476530004	0.030897207367795602	0.0005941770647653001	0.9090909090909091
299	0.0011876484560570072	0.0011876484560570072	0.9970308788598575	0.0005938242280285036
300	0.0017825311942959	0.0035650623885918	0.9792038027332145	0.015448603683897801
301	0.008912655971479501	0.11289364230540701	0.014854426619132501	0.863339275103981
302	0.18942992874109263	0.0005938242280285036	0.8052256532066508	0.004750593824228029
303	0.37173396674584325	0.004156769596199525	0.5973871733966746	0.02672209026128266
304	0.0035608308605341245	0.002373887240356083	0.9620178041543027	0.032047477744807124
305	0.0172209026128266	0.0017814726840855108	0.9780285035629454	0.0029691211401425177
306	0.0011869436201780415	0.006528189910979229	0.0011869436201780415	0.9910979228486647
307	0.971513353115727	0.005341246290801187	0.022551928783382788	0.0005934718100890207
308	0.9756676557863502	0.0011869436201780415	0.021364985163204748	0.0017804154302670622
309	0.24406175771971497	0.3646080760095012	0.04156769596199525	0.3497624703087886
310	0.11995249406175772	0.0017814726840855108	0.8681710213776722	0.010095011876484561
311	0.0035608308605341245	0.0011869436201780415	0.9857566765578635	0.009495548961424332
312	0.03262158956109134	0.9638196915776986	0.0005931198102016608	0.0029655990510083037
313	0.013048635824436536	0.5871886120996441	0.018386714116251483	0.38137603795966785
314	0.002372479240806643	0.5498220640569395	0.0029655990510083037	0.44483985765124556
315	0.9602609727164887	0.008896797153024912	0.023131672597864767	0.00771055753262159
316	0.016597510373443983	0.979253112033195	0.0017783046828689982	0.0023710729104919974
317	0.002963841138114997	0.995257854179016	0.0005927682276229994	0.0011855364552459987
318	0.9104389086595492	0.0011862396204033216	0.030249110320284697	0.05812574139976275
319	0.9347568208778173	0.0017793594306049821	0.0035587188612099642	0.059905100830367736
320	0.01956135151155898	0.0017783046828689982	0.976882039122703	0.0017783046828689982
321	0.04267931238885596	0.19205690574985182	0.7445168938944873	0.02074688796680498
322	0.0011855364552459987	0.991701244813278	0.0005927682276229994	0.006520450503852994
323	0.14878482513337285	0.024303497332542976	0.5489033787788975	0.27800829875518673
324	0.8677342823250297	0.00771055753262159	0.07176749703440095	0.0527876631079478
325	0.05690574985180794	0.6425607587433314	0.0023710729104919974	0.2981624184943687
326	0.053349140486069944	0.0017783046828689982	0.9318316538233551	0.013040901007705987
327	0.995850622406639	0.0005927682276229994	0.0011855364552459987	0.0023710729104919974
328	0.0011855364552459987	0.34262003556609366	0.0005927682276229994	0.6556016597510373
329	0.04682868998221695	0.46295198577356256	0.4860699466508595	0.004149377593360996
330	0.13633669235328985	0.2027267338470658	0.5328986366330765	0.12803793716656786
331	0.125	0.09004739336492891	0.7132701421800948	0.07168246445497631
332	0.001183431952662722	0.001183431952662722	0.000591715976331361	0.9970414201183432
333	0.9893491124260355	0.004733727810650888	0.004142011834319527	0.0017751479289940828
334	0.02960331557134399	0.08348134991119005	0.8732978093546477	0.013617525162818236
335	0.004736530491415038	0.7471876850207223	0.24156305506216696	0.006512729425695678
336	0.010059171597633136	0.28579881656804734	0.27514792899408286	0.4289940828402367
337	0.0029585798816568047	0.000591715976331361	0.9958579881656805	0.000591715976331361
338	0.11715976331360947	0.07988165680473373	0.7195266272189349	0.0834319526627219
339	0.04142011834319527	0.3431952662721893	0.05325443786982249	0.5621301775147929
340	0.01893491124260355	0.7603550295857988	0.13846153846153847	0.08224852071005917
341	0.0017751479289940828	0.0053254437869822485	0.000591715976331361	0.9923076923076923
342	0.007100591715976331	0.001183431952662722	0.9674556213017751	0.0242603550295858
343	0.9751479289940829	0.0029585798816568047	0.020710059171597635	0.001183431952662722
344	0.017159763313609466	0.000591715976331361	0.9769230769230769	0.0053254437869822485
345	0.9846153846153847	0.013609467455621301	0.000591715976331361	0.001183431952662722
346	0.0035481963335304554	0.0005913660555884093	0.9934949733885275	0.002365464222353637
347	0.02897693672383205	0.13837965700768776	0.8125369603784742	0.020106445890005913
348	0.5600236546422236	0.046126552335895916	0.34713187463039624	0.04671791839148433
349	0.07565011820330969	0.19208037825059102	0.07919621749408984	0.6530732860520094
350	0.02598936798582398	0.002362669816893089	0.9462492616656822	0.025398700531600708
351	0.8127584170112226	0.008860011813349085	0.13762551683402244	0.040756054341405785
352	0.09869976359338062	0.2872340425531915	0.1111111111111111	0.5029550827423168
353	0.0011813349084465446	0.9952746603662138	0.0005906674542232723	0.0029533372711163615
354	0.42789598108747046	0.27541371158392436	0.28782505910165485	0.008865248226950355
355	0.002955082742316785	0.2375886524822695	0.7523640661938534	0.0070921985815602835
356	0.014184397163120567	0.8587470449172577	0.08451536643026004	0.0425531914893617
357	0.05502958579881657	0.8544378698224852	0.08816568047337278	0.002366863905325444
358	0.9474305965741288	0.021264028352037802	0.0070880094506792675	0.024217365623154165
359	0.0005906674542232723	0.8529238038984052	0.14589486119314826	0.0005906674542232723
360	0.9492025989367986	0.002362669816893089	0.039574719432959246	0.008860011813349085
361	0.10809214412285884	0.6798582398109864	0.028942705256940343	0.1831069108092144
362	0.005316007088009451	0.04370939161252215	0.16302421736562314	0.7879503839338452
363	0.008860011813349085	0.002362669816893089	0.9840519787359716	0.004725339633786178
364	0.06556408741878322	0.00767867690490254	0.9090372120496161	0.01772002362669817
365	0.24675324675324675	0.11747343565525384	0.538961038961039	0.09681227863046045
366	0.9356172474896634	0.009450679267572357	0.0017720023626698169	0.05316007088009451
367	0.0023612750885478157	0.9840613931523022	0.0005903187721369539	0.012987012987012988
368	0.0005903187721369539	0.0005903187721369539	0.0005903187721369539	0.9982290436835891
369	0.0011799410029498525	0.0005899705014749262	0.991740412979351	0.006489675516224189
370	0.9728453364817001	0.011806375442739079	0.01357733175914994	0.0017709563164108619
371	0.023022432113341203	0.0035419126328217238	0.9698937426210154	0.0035419126328217238
372	0.9976387249114522	0.0005903187721369539	0.0005903187721369539	0.0011806375442739079
373	0.004156769596199525	0.8931116389548693	0.006532066508313539	0.09619952494061758
374	0.9970466627288836	0.0005906674542232723	0.0017720023626698169	0.0005906674542232723
375	0.07378984651711924	0.9138134592680047	0.0005903187721369539	0.011806375442739079
376	0.002359882005899705	0.0029498525073746312	0.9451327433628318	0.049557522123893805
377	0.05309734513274336	0.0017699115044247787	0.943952802359882	0.0011799410029498525
378	0.10023584905660378	0.5383254716981132	0.11674528301886793	0.2446933962264151
379	0.011778563015312132	0.9110718492343934	0.012956419316843345	0.06419316843345112
380	0.005303476723629935	0.9829110194460813	0.002357100766057749	0.009428403064230996
381	0.7872716558632882	0.15380082498526812	0.04419563936358279	0.01473187978786093
382	0.13199764289923394	0.02828520919269299	0.7318797878609311	0.10783736004714202
383	0.9021803182086034	0.0005892751915144372	0.09605185621685328	0.0011785503830288745
384	0.004714201532115498	0.8915733647613435	0.10194460813199764	0.0017678255745433118
385	0.07601649970536241	0.10724808485562758	0.0017678255745433118	0.8149675898644667
386	0.001768867924528302	0.9805424528301887	0.0011792452830188679	0.01650943396226415
387	0.0011792452830188679	0.9929245283018868	0.0005896226415094339	0.005306603773584905
388	0.0011785503830288745	0.0041249263406010605	0.0005892751915144372	0.9941072480848556
389	0.9929286977018268	0.0005892751915144372	0.004714201532115498	0.0017678255745433118
390	0.00648202710665881	0.9787860931054803	0.0005892751915144372	0.014142604596346494
391	0.0005892751915144372	0.0011785503830288745	0.9976428992339422	0.0005892751915144372
392	0.0011785503830288745	0.0005892751915144372	0.9970536240424278	0.0011785503830288745
393	0.016499705362404242	0.0005892751915144372	0.9805539186800236	0.002357100766057749
394	0.8090748379493223	0.0017678255745433118	0.11255156157925751	0.07660577489687684
395	0.002357100766057749	0.08014142604596347	0.8903948143783147	0.027106658809664112
396	0.001768867924528302	0.0005896226415094339	0.9970518867924528	0.0005896226415094339
397	0.0011792452830188679	0.9970518867924528	0.0011792452830188679	0.0005896226415094339
398	0.9321933962264151	0.006485849056603774	0.0005896226415094339	0.0607311320754717
399	0.0005889281507656066	0.014134275618374558	0.9840989399293286	0.001177856301531213
400	0.0017667844522968198	0.9958775029446407	0.0005889281507656066	0.0017667844522968198
401	0.9970570924072985	0.0005885815185403178	0.0005885815185403178	0.0017657445556209534
402	0.04120070629782225	0.0005885815185403178	0.9576221306650972	0.0005885815185403178
403	0.0017678255745433118	0.05126694166175604	0.10548025928108426	0.8414849734826164
404	0.13250883392226148	0.21613663133097763	0.6048292108362779	0.04652532391048292
405	0.1812831077104179	0.002942907592701589	0.8057680988816951	0.010005885815185403
406	0.11130742049469965	0.10011778563015312	0.7868080094228505	0.0017667844522968198
407	0.001177856301531213	0.0005889281507656066	0.997055359246172	0.001177856301531213
408	0.9799764428739693	0.0017667844522968198	0.01707891637220259	0.001177856301531213
409	0.9941107184923439	0.0005889281507656066	0.004122497055359246	0.001177856301531213
410	0.10194460813199764	0.0041249263406010605	0.004714201532115498	0.8892162639952857
411	0.5185621685327048	0.29522687094873307	0.0005892751915144372	0.18562168532704773
412	0.01473187978786093	0.09487330583382439	0.026517383618149676	0.863877430760165
413	0.0011785503830288745	0.0005892751915144372	0.0011785503830288745	0.9970536240424278
414	0.022392457277548614	0.25692398350029466	0.6246317030053035	0.09605185621685328
415	0.0011785503830288745	0.5403653506187389	0.3924572775486152	0.06599882144961697
416	0.5197407189157337	0.01473187978786093	0.4160282852091927	0.049499116087212726
417	0.0017678255745433118	0.9952857984678845	0.0011785503830288745	0.0017678255745433118
418	0.9970536240424278	0.0017678255745433118	0.0005892751915144372	0.0005892751915144372
419	0.9740718915733647	0.024749558043606363	0.0005892751915144372	0.0005892751915144372
420	0.0005892751915144372	0.0011785503830288745	0.0017678255745433118	0.9964643488509134
421	0.004714201532115498	0.0011785503830288745	0.9923394225103123	0.0017678255745433118
422	0.005303476723629935	0.10076605774896877	0.8774307601649971	0.016499705362404242
423	0.1915144372421921	0.030642309958750738	0.7678255745433117	0.010017678255745434
424	0.0058927519151443725	0.7165586328815556	0.26517383618149676	0.012374779021803181
425	0.0041249263406010605	0.0011785503830288745	0.985268120212139	0.009428403064230996
426	0.6134354743665291	0.3187978786093105	0.06187389510901591	0.0058927519151443725
427	0.952857984678845	0.012374779021803181	0.032999410724808484	0.0017678255745433118
428	0.9888037713612257	0.008249852681202121	0.0011785503830288745	0.0017678255745433118
429	0.0011785503830288745	0.26635238656452564	0.7271655863288156	0.005303476723629935
430	0.010023584905660377	0.7688679245283019	0.031839622641509434	0.1892688679245283
431	0.012971698113207548	0.8755896226415094	0.10436320754716981	0.007075471698113208
432	0.0023584905660377358	0.06485849056603774	0.0005896226415094339	0.9321933962264151
433	0.0005892751915144372	0.0011785503830288745	0.995875073659399	0.002357100766057749
434	0.9964664310954063	0.0005889281507656066	0.001177856301531213	0.0017667844522968198
435	0.04888103651354535	0.4163722025912839	0.015312131919905771	0.519434628975265
436	0.06599882144961697	0.3918680023571008	0.5397760754272245	0.002357100766057749
437	0.07311320754716981	0.6244103773584906	0.2800707547169811	0.02240566037735849
438	0.8590801886792453	0.021816037735849055	0.09551886792452831	0.02358490566037736
439	0.001177856301531213	0.0005889281507656066	0.9964664310954063	0.0017667844522968198
440	0.002355712603062426	0.8998822143698468	0.0624263839811543	0.0353356890459364
441	0.32626619552414604	0.2826855123674912	0.35924617196702	0.03180212014134275
442	0.9976442873969376	0.0005889281507656066	0.001177856301531213	0.0005889281507656066
443	0.02061248527679623	0.5630153121319199	0.014134275618374558	0.40223792697290933
444	0.08716136631330977	0.07832744405182568	0.7820965842167256	0.052414605418138985
445	0.002354326074161271	0.9670394349617422	0.0017657445556209534	0.028840494408475574
446	0.009417304296645085	0.9635079458505003	0.002942907592701589	0.02413184226015303
447	0.034137728075338436	0.004120070629782225	0.9582107121836374	0.003531489111241907
448	0.10600706713780919	0.8710247349823321	0.001177856301531213	0.021790341578327443
449	0.002944640753828033	0.001177856301531213	0.9917550058892816	0.004122497055359246
450	0.0005889281507656066	0.001177856301531213	0.0005889281507656066	0.9976442873969376
451	0.002355712603062426	0.0005889281507656066	0.9935217903415783	0.0035335689045936395
452	0.3858407079646018	0.2424778761061947	0.1728613569321534	0.19882005899705016
453	0.3146729522687095	0.07189157336476135	0.5586328815556865	0.05480259281084266
454	0.043067846607669616	0.09852507374631268	0.471976401179941	0.3864306784660767
455	0.011813349084465446	0.026580035440047254	0.9320732427643237	0.029533372711163616
456	0.9967083607636603	0.0013166556945358788	0.0013166556945358788	0.0006583278472679394
457	0.4337508239947264	0.053394858272907054	0.051417270929466054	0.4614370468029005
458	0.001973684210526316	0.0006578947368421052	0.9828947368421053	0.014473684210526316
459	0.9895081967213115	0.003278688524590164	0.005245901639344262	0.0019672131147540984
460	0.7395403653506187	0.20742486741308191	0.030053034767236298	0.022981732469063054
461	0.024154589371980676	0.022342995169082124	0.9064009661835749	0.04710144927536232
462	0.0030138637733574444	0.13140446051838456	0.8071127185051236	0.05846895720313442
463	0.028739386022207707	0.7687785760940562	0.012410189418680601	0.1900718484650555
464	0.006557377049180328	0.820983606557377	0.012459016393442624	0.16
465	0.007575757575757576	0.7803030303030303	0.007575757575757576	0.20454545454545456
466	0.05129716981132076	0.12441037735849056	0.02122641509433962	0.8030660377358491
467	0.09934949733885275	0.033707865168539325	0.027794204612655235	0.8391484328799527
468	0.18358913813459268	0.6399055489964581	0.01948051948051948	0.15702479338842976
469	0.03948180135718692	0.01850709438618137	0.9167180752621839	0.025293028994447873
470	0.006557377049180328	0.012459016393442624	0.9757377049180328	0.005245901639344262
471	0.18876551273677336	0.012410189418680601	0.7694317439581972	0.02939255388634879
472	0.07622504537205081	0.01572897761645493	0.13127646702964307	0.7767695099818511
473	0.018753781004234724	0.2323049001814882	0.019358741681790685	0.7295825771324864
474	0.012374779021803181	0.030053034767236298	0.9499116087212728	0.0076605774896876845
475	0.000655307994757536	0.001310615989515072	0.00327653997378768	0.9947575360419397
476	0.9940867279894875	0.0019710906701708277	0.0032851511169513796	0.000657030223390276
